# Rhino

mtllib Site Model4.mtl
usemtl diffuse_Red
v 92456.639999999999 10.248693474626201 -438368.55599999992
v 92456.639999999999 10.248693474626201 -438368.55599999992
v 92455.835000000021 10.248693474626201 -438367.56700000179
v 92455.835000000021 10.248693474626201 -438367.56700000179
v 92455.929999999993 10.248693474626201 -438365.77000000101
v 92455.929999999993 10.248693474626201 -438365.77000000101
v 92455.929999999993 10.248693474626201 -438365.77000000101
v 92454.990000000078 10.248693474626201 -438366.53000000108
v 92454.990000000078 10.248693474626201 -438366.53000000108
v 92454.990000000078 10.248693474626201 -438366.53000000108
v 92458.840000000011 10.248693474626201 -438353.67000000301
v 92458.840000000011 10.248693474626201 -438353.67000000301
v 92458.840000000011 10.248693474626201 -438353.67000000301
v 92463.52999999997 10.248693474626201 -438357.04299999849
v 92463.52999999997 10.248693474626201 -438357.04299999849
v 92453.440000000017 10.248693474626201 -438362.72000000201
v 92453.440000000017 10.248693474626201 -438362.72000000201
v 92453.440000000017 10.248693474626201 -438362.72000000201
v 92448.849000000046 10.248693474626201 -438358.97299999843
v 92448.849000000046 10.248693474626201 -438358.97299999843
v 92452.510000000038 10.248693474626201 -438363.48000000051
v 92452.510000000038 10.248693474626201 -438363.48000000051
v 92452.510000000038 10.248693474626201 -438363.48000000051
v 92448.040999999997 10.248693474626201 -438357.97900000151
v 92448.040999999997 10.248693474626201 -438357.97900000151
v 92456.439999999988 10.248693474626201 -438350.71000000235
v 92456.439999999988 10.248693474626201 -438350.71000000235
v 92456.439999999988 10.248693474626201 -438350.71000000235
v 92447.820000000007 10.248693474626201 -438357.70700000017
v 92447.820000000007 10.248693474626201 -438357.70700000017
v 92447.820000000007 10.248693474626201 -438357.70700000017
v 92460.020000000019 10.248693474626201 -438352.71000000165
v 92460.020000000019 10.248693474626201 -438352.71000000165
v 92460.020000000019 10.248693474626201 -438352.71000000165
v 92466.980000000025 10.248693474626201 -438361.30000000173
v 92466.980000000025 10.248693474626201 -438361.30000000173
v 92466.980000000025 10.248693474626201 -438361.30000000173
v 92457.229999999996 10.248693474626201 -438369.28000000218
v 92457.229999999996 10.248693474626201 -438369.28000000218
v 92457.229999999996 10.248693474626201 -438369.28000000218
v 92447.820000000007 -1.3212000000050499 -438357.70700000017
v 92447.820000000007 -1.3212000000050499 -438357.70700000017
v 92447.820000000007 -1.3212000000050499 -438357.70700000017
v 92456.439999999988 -1.3212000000050499 -438350.71000000235
v 92456.439999999988 -1.3212000000050499 -438350.71000000235
v 92456.439999999988 -1.3212000000050499 -438350.71000000235
v 92458.840000000011 -1.3212000000050499 -438353.67000000301
v 92458.840000000011 -1.3212000000050499 -438353.67000000301
v 92458.840000000011 -1.3212000000050499 -438353.67000000301
v 92460.020000000019 -1.3212000000050499 -438352.71000000165
v 92460.020000000019 -1.3212000000050499 -438352.71000000165
v 92460.020000000019 -1.3212000000050499 -438352.71000000165
v 92463.52999999997 -1.3212000000050499 -438357.04299999849
v 92463.52999999997 -1.3212000000050499 -438357.04299999849
v 92466.980000000025 -1.3212000000050499 -438361.30000000173
v 92466.980000000025 -1.3212000000050499 -438361.30000000173
v 92466.980000000025 -1.3212000000050499 -438361.30000000173
v 92457.229999999996 -1.3212000000050499 -438369.28000000218
v 92457.229999999996 -1.3212000000050499 -438369.28000000218
v 92457.229999999996 -1.3212000000050499 -438369.28000000218
v 92456.639999999999 -1.3212000000050499 -438368.55599999992
v 92456.639999999999 -1.3212000000050499 -438368.55599999992
v 92455.835000000021 -1.3212000000050499 -438367.56700000179
v 92455.835000000021 -1.3212000000050499 -438367.56700000179
v 92454.990000000078 -1.3212000000050499 -438366.53000000108
v 92454.990000000078 -1.3212000000050499 -438366.53000000108
v 92454.990000000078 -1.3212000000050499 -438366.53000000108
v 92455.929999999993 -1.3212000000050499 -438365.77000000101
v 92455.929999999993 -1.3212000000050499 -438365.77000000101
v 92455.929999999993 -1.3212000000050499 -438365.77000000101
v 92453.440000000017 -1.3212000000050499 -438362.72000000201
v 92453.440000000017 -1.3212000000050499 -438362.72000000201
v 92453.440000000017 -1.3212000000050499 -438362.72000000201
v 92452.510000000038 -1.3212000000050499 -438363.48000000051
v 92452.510000000038 -1.3212000000050499 -438363.48000000051
v 92452.510000000038 -1.3212000000050499 -438363.48000000051
v 92448.849000000046 -1.3212000000050499 -438358.97299999843
v 92448.849000000046 -1.3212000000050499 -438358.97299999843
v 92448.040999999997 -1.3212000000050499 -438357.97900000151
v 92448.040999999997 -1.3212000000050499 -438357.97900000151
vn -0.77531808614730835 0 -0.63157093524932861
vn 0 1 0
vn -0.77539169788360596 0 -0.63148051500320435
vn 0 1 0
vn -0.62872213125228882 0 0.7776300311088562
vn -0.77463579177856445 0 -0.63240760564804077
vn 0 1 0
vn -0.77522140741348267 0 -0.63168960809707642
vn -0.62872213125228882 0 0.7776300311088562
vn 0 1 0
vn 0.77675575017929077 0 0.62980192899703979
vn -0.63108748197555542 0 0.77571165561676025
vn 0 1 0
vn 0.77697038650512695 0 0.62953716516494751
vn 0 1 0
vn -0.77463579177856445 0 -0.63240760564804077
vn 0.63278430700302124 0 -0.77432811260223389
vn 0 1 0
vn -0.77608186006546021 0 -0.63063216209411621
vn 0 1 0
vn 0.63278430700302124 0 -0.77432811260223389
vn -0.77619302272796631 0 -0.63049536943435669
vn 0 1 0
vn -0.77601844072341919 0 -0.6307101845741272
vn 0 1 0
vn -0.63022631406784058 0 0.77641147375106812
vn 0.77675575017929077 0 0.62980192899703979
vn 0 1 0
vn -0.77611398696899414 0 -0.63059264421463013
vn -0.63022631406784058 0 0.77641147375106812
vn 0 1 0
vn -0.63108748197555542 0 0.77571165561676025
vn 0.77704018354415894 0 0.62945097684860229
vn 0 1 0
vn 0.7769005298614502 0 0.62962335348129272
vn 0.63336741924285889 0 -0.77385121583938599
vn 0 1 0
vn 0.63336741924285889 0 -0.77385121583938599
vn -0.7751961350440979 0 -0.63172060251235962
vn 0 1 0
vn -0.77611398696899414 0 -0.63059264421463013
vn 0 -1 0
vn -0.63022631406784058 0 0.77641147375106812
vn -0.63022631406784058 0 0.77641147375106812
vn 0 -1 0
vn 0.77675575017929077 0 0.62980192899703979
vn 0 -1 0
vn -0.63108748197555542 0 0.77571165561676025
vn 0.77675575017929077 0 0.62980192899703979
vn 0 -1 0
vn 0.77704018354415894 0 0.62945097684860229
vn -0.63108748197555542 0 0.77571165561676025
vn 0 -1 0
vn 0.77697032690048218 0 0.62953716516494751
vn 0 -1 0
vn 0.63336741924285889 0 -0.77385121583938599
vn 0.7769005298614502 0 0.62962335348129272
vn 0.63336741924285889 0 -0.77385121583938599
vn 0 -1 0
vn -0.7751961350440979 0 -0.63172060251235962
vn 0 -1 0
vn -0.77544009685516357 0 -0.63142114877700806
vn 0 -1 0
vn -0.77539169788360596 0 -0.63148051500320435
vn 0 -1 0
vn -0.62872213125228882 0 0.7776300311088562
vn -0.77522140741348267 0 -0.63168960809707642
vn 0 -1 0
vn -0.77463579177856445 0 -0.63240760564804077
vn -0.62872213125228882 0 0.7776300311088562
vn 0 -1 0
vn 0.63278430700302124 0 -0.77432811260223389
vn -0.77463579177856445 0 -0.63240760564804077
vn 0 -1 0
vn -0.77619302272796631 0 -0.63049536943435669
vn 0.63278430700302124 0 -0.77432811260223389
vn 0 -1 0
vn -0.77608186006546021 0 -0.63063216209411621
vn 0 -1 0
vn -0.77606624364852905 0 -0.63065141439437866
f 65//65 63//63 61//61 59//59 55//55 53//53 50//50 47//47 45//45 42//42 79//79 77//77 74//74 71//71 68//68
f 29//29 24//24 19//19 22//22 75//75 78//78 80//80 41//41
f 67//67 8//8 3//3 1//1 39//39 60//60 62//62 64//64
f 40//40 2//2 4//4 10//10 7//7 18//18 23//23 20//20 25//25 31//31 28//28 13//13 34//34 15//15 37//37
f 76//76 21//21 17//17 72//72
f 16//16 6//6 69//69 73//73
f 9//9 66//66 70//70 5//5
f 58//58 38//38 36//36 56//56
f 54//54 57//57 35//35 14//14
f 33//33 51//51 54//54 14//14
f 12//12 48//48 52//52 32//32
f 46//46 49//49 11//11 27//27
f 30//30 43//43 44//44 26//26
usemtl diffuse_Red
v 92472.250000000029 7.263287128849 -438373.53000000445
v 92479.639999999999 7.3119714139223797 -438384.53000000172
v 92478.889930045072 9.1181680647606704 -438380.17294316646
v 92475.724527644052 9.1604547220670405 -438375.34827505914
v 92475.099106835725 10.6831728890857 -438371.68544147216
v 92482.276819940598 10.4689900907147 -438382.83728557255
v 92477.766751704228 9.1568592116367995 -438380.93220064405
v 92473.879999999976 7.2216300394750199 -438376.05000000034
v 92473.879999999976 7.2216300394750199 -438376.05000000034
v 92474.595801304051 7.78341773908231 -438376.11872736213
v 92474.595801304051 7.78341773908231 -438376.11872736213
v 92474.595801304051 7.78341773908231 -438376.11872736213
v 92477.766751704228 7.7520397881034704 -438380.93220064405
v 92477.766751704228 7.7520397881034704 -438380.93220064405
v 92477.766751704228 7.7520397881034704 -438380.93220064405
v 92475.369999999966 7.1296502300512703 -438378.45000000071
v 92475.369999999966 7.1296502300512703 -438378.45000000071
v 92482.905326900742 9.1107521962836095 -438377.52963417844
v 92482.905326900742 9.1107521962836095 -438377.52963417844
v 92482.905326900742 9.1107521962836095 -438377.52963417844
v 92482.905326900742 7.53097920408152 -438377.52963417844
v 92482.905326900742 7.53097920408152 -438377.52963417844
v 92482.905326900742 7.53097920408152 -438377.52963417844
v 92481.53222536917 9.0246395158405299 -438378.40949445881
v 92481.53222536917 9.0246395158405299 -438378.40949445881
v 92481.53222536917 9.0246395158405299 -438378.40949445881
v 92480.9549884031 9.1204449302751094 -438374.55817604926
v 92480.9549884031 9.1204449302751094 -438374.55817604926
v 92480.9549884031 9.1204449302751094 -438374.55817604926
v 92479.614694326461 9.0554125886276005 -438375.41701386624
v 92479.614694326461 9.0554125886276005 -438375.41701386624
v 92479.614694326461 9.0554125886276005 -438375.41701386624
v 92480.9549884031 7.6164630897453804 -438374.55817604926
v 92480.9549884031 7.6164630897453804 -438374.55817604926
v 92480.9549884031 7.6164630897453804 -438374.55817604926
v 92475.724527644052 9.1604547220670405 -438375.34827505914
v 92475.724527644052 9.1604547220670405 -438375.34827505914
v 92474.595801304051 9.1994083414398702 -438376.11872736213
v 92474.595801304051 9.1994083414398702 -438376.11872736213
v 92474.595801304051 9.1994083414398702 -438376.11872736213
v 92478.889930045072 9.1181680647606704 -438380.17294316646
v 92478.889930045072 9.1181680647606704 -438380.17294316646
v 92477.766751704228 9.1568592116367995 -438380.93220064405
v 92477.766751704228 9.1568592116367995 -438380.93220064405
v 92479.639999999999 -1.99580000000141 -438384.53000000172
v 92479.639999999999 -1.99580000000141 -438384.53000000172
v 92479.639999999999 -1.99580000000141 -438384.53000000172
v 92479.639999999999 7.3119714139223797 -438384.53000000172
v 92479.639999999999 7.3119714139223797 -438384.53000000172
v 92475.369999999966 -1.99580000000141 -438378.45000000071
v 92475.369999999966 -1.99580000000141 -438378.45000000071
v 92473.879999999976 -1.99580000000141 -438376.05000000034
v 92473.879999999976 -1.99580000000141 -438376.05000000034
v 92472.250000000029 -1.99580000000141 -438373.53000000445
v 92472.250000000029 -1.99580000000141 -438373.53000000445
v 92472.250000000029 -1.99580000000141 -438373.53000000445
v 92472.250000000029 7.263287128849 -438373.53000000445
v 92472.250000000029 7.263287128849 -438373.53000000445
v 92475.540000000008 -1.99580000000141 -438371.40000000224
v 92475.540000000008 -1.99580000000141 -438371.40000000224
v 92475.540000000008 -1.99580000000141 -438371.40000000224
v 92474.860000000015 6.6443567940801502 -438370.25000000111
v 92474.860000000015 6.6443567940801502 -438370.25000000111
v 92474.860000000015 6.6443567940801502 -438370.25000000111
v 92475.540000000008 6.7014539038189396 -438371.40000000224
v 92475.540000000008 6.7014539038189396 -438371.40000000224
v 92475.540000000008 6.7014539038189396 -438371.40000000224
v 92474.860000000015 -1.99580000000141 -438370.25000000111
v 92474.860000000015 -1.99580000000141 -438370.25000000111
v 92474.860000000015 -1.99580000000141 -438370.25000000111
v 92477.199999999953 6.5620992963197002 -438368.66000000073
v 92477.199999999953 6.5620992963197002 -438368.66000000073
v 92477.199999999953 6.5620992963197002 -438368.66000000073
v 92477.199999999953 -1.99580000000141 -438368.66000000073
v 92477.199999999953 -1.99580000000141 -438368.66000000073
v 92477.199999999953 -1.99580000000141 -438368.66000000073
v 92477.946910419705 6.6212573769499903 -438369.8570573256
v 92477.946910419705 6.6212573769499903 -438369.8570573256
v 92477.946910419705 6.6212573769499903 -438369.8570573256
v 92479.439999999973 -1.99580000000141 -438372.25000000012
v 92479.439999999973 -1.99580000000141 -438372.25000000012
v 92479.439999999973 7.6828654581189504 -438372.25000000012
v 92479.439999999973 7.6828654581189504 -438372.25000000012
v 92477.946910419705 7.6934311702112002 -438369.8570573256
v 92477.946910419705 7.6934311702112002 -438369.8570573256
v 92477.946910419705 7.6934311702112002 -438369.8570573256
v 92485.169999999984 -1.99580000000141 -438380.98000000167
v 92485.169999999984 -1.99580000000141 -438380.98000000167
v 92485.169999999984 -1.99580000000141 -438380.98000000167
v 92485.169999999984 7.4317179443260297 -438380.98000000167
v 92485.169999999984 7.4317179443260297 -438380.98000000167
v 92485.169999999984 7.4317179443260297 -438380.98000000167
v 92482.276819940598 10.4689900907147 -438382.83728557255
v 92482.276819940598 10.4689900907147 -438382.83728557255
v 92475.540000000008 10.219293262793199 -438371.40000000224
v 92475.540000000008 10.219293262793199 -438371.40000000224
v 92475.099106835725 10.6831728890857 -438371.68544147216
v 92475.099106835725 10.6831728890857 -438371.68544147216
vn -0.59063273668289185 0.70439255237579346 -0.39368024468421936
vn -0.59063273668289185 0.70439255237579346 -0.39368024468421936
vn -0.59063273668289185 0.70439255237579346 -0.39368027448654175
vn -0.59063273668289185 0.70439255237579346 -0.39368024468421936
vn -0.59063273668289185 0.70439255237579346 -0.39368024468421936
vn -0.59063273668289185 0.70439255237579346 -0.39368027448654175
vn 0.027956271544098854 0.99956321716308594 0.0095808990299701691
vn -0.59063273668289185 0.70439255237579346 -0.39368027448654175
vn -0.84300041198730469 0 -0.53791296482086182
vn -0.56376940011978149 0 0.82593220472335815
vn -0.8350830078125 0 -0.55012392997741699
vn -0.59063273668289185 0.70439255237579346 -0.39368027448654175
vn -0.59063273668289185 0.70439255237579346 -0.39368024468421936
vn -0.8350830078125 0 -0.55012392997741699
vn 0.56003624200820923 0 -0.82846808433532715
vn -0.8343004584312439 0 -0.55131000280380249
vn -0.59063273668289185 0.70439255237579346 -0.39368024468421936
vn -0.036194611340761185 0.99888801574707031 -0.030211342498660088
vn 0.83600670099258423 0 0.54871916770935059
vn 0.53952139616012573 0 -0.84197187423706055
vn 0.83600670099258423 -4.3286945208831362E-12 0.54871916770935059
vn 0.57422524690628052 0.73739731311798096 0.35568326711654663
vn 0.53952139616012573 0 -0.84197187423706055
vn 0.56265819072723389 0.75090968608856201 0.34576061367988586
vn -0.039730772376060486 0.99857145547866821 -0.03572758287191391
vn 0.53952139616012573 0 -0.84197187423706055
vn -0.032656893134117126 0.99916154146194458 -0.024693803861737251
vn -0.53952139616012573 0 0.84197187423706055
vn 0.83600670099258423 0 0.54871916770935059
vn 0.55920088291168213 0.75202357769012451 0.34893399477005005
vn -0.53952139616012573 0 0.84197187423706055
vn -0.036194611340761185 0.99888801574707031 -0.030211342498660088
vn -0.53952139616012573 0 0.84197187423706055
vn 0.57023894786834717 0.74179559946060181 0.35294032096862793
vn 0.83600670099258423 1.3848089341905734E-11 0.54871916770935059
vn 0.027956271544098854 0.99956321716308594 0.0095808990299701691
vn -0.56376940011978149 0 0.82593220472335815
vn -0.8350830078125 0 -0.55012392997741699
vn -0.56376940011978149 0 0.82593220472335815
vn 0.027956271544098854 0.99956321716308594 0.0095808990299701691
vn 0.56003624200820923 0 -0.82846808433532715
vn 0.027956271544098854 0.99956321716308594 0.0095808990299701691
vn 0.56003624200820923 0 -0.82846808433532715
vn -0.8350830078125 0 -0.55012392997741699
vn 0.54021912813186646 0 -0.84152442216873169
vn 0 -1 0
vn -0.81834566593170166 0 -0.57472634315490723
vn 0.54021912813186646 6.5973553009524011E-11 -0.84152442216873169
vn -0.81834566593170166 0 -0.57472634315490723
vn 0 -1 0
vn -0.8343004584312439 0 -0.55131000280380249
vn 0 -1 0
vn -0.84630918502807617 0 -0.53269201517105103
vn 0 -1 0
vn -0.54346287250518799 0 0.83943319320678711
vn -0.83965951204299927 0 -0.543113112449646
vn -0.83965951204299927 0 -0.543113112449646
vn -0.54346287250518799 -4.7988540918808553E-10 0.83943319320678711
vn -0.86077749729156494 0 -0.50898146629333496
vn -0.54346287250518799 0 0.83943319320678711
vn 0 -1 0
vn -0.562019944190979 0 0.82712370157241821
vn 0.0010092024458572268 0.99873948097229004 0.050183821469545364
vn -0.86077749729156494 0 -0.50898146629333496
vn -0.86077749729156494 0 -0.50898146629333496
vn 0.0010892308782786131 0.99874180555343628 0.050135456025600433
vn -0.54195058345794678 0 0.84041035175323486
vn 0 -1 0
vn -0.562019944190979 0 0.82712370157241821
vn -0.86077749729156494 0 -0.50898146629333496
vn 0.84839636087417603 0 0.5293615460395813
vn 0.0010892308782786131 0.99874180555343628 0.050135456025600433
vn -0.562019944190979 0 0.82712370157241821
vn 0.84839636087417603 1.7567221982650594E-11 0.5293615460395813
vn -0.562019944190979 0 0.82712370157241821
vn 0 -1 0
vn 0.0011692591942846775 0.99874418973922729 0.050087090581655502
vn 0.84839636087417603 8.7836109913252969E-12 0.5293615460395813
vn -0.53967887163162231 0 0.84187096357345581
vn 0 -1 0
vn 0.84101593494415283 3.5641591674545614E-12 0.54101037979125977
vn 0.84431606531143188 0 0.53584551811218262
vn 0.56545579433441162 0.74593877792358398 0.35190215706825256
vn 0.84839636087417603 0 0.5293615460395813
vn 0.56324273347854614 0.74937534332275391 0.34812960028648376
vn -0.53967887163162231 0 0.84187096357345581
vn 0 -1 0
vn 0.54021912813186646 0 -0.84152442216873169
vn 0.83600670099258423 -3.6353562521407312E-11 0.54871916770935059
vn 0.54021912813186646 9.8960332983732968E-11 -0.84152442216873169
vn 0.57130920886993408 0.74337345361709595 0.34785306453704834
vn 0.83600670099258423 0 0.54871916770935059
vn 0.5567595362663269 0.75711214542388916 0.34176024794578552
vn 0.54021912813186646 1.9792066596746594E-10 -0.84152442216873169
vn -0.54220271110534668 -4.7988646389995893E-10 0.84024769067764282
vn 0.56231826543807983 0.74849635362625122 0.35149875283241272
vn -0.54346287250518799 -1.4396561720531054E-09 0.83943319320678711
vn 0.55878174304962158 0.75287371873855591 0.34777027368545532
f 167//167 160//160 156//156 148//148 141//141 134//134 132//132 130//130 126//126
f 166//166 175//175 147//147 159//159
f 135//135 140//140 147//147 175//175 177//177 138//138
f 168//168 125//125 128//128 174//174 170//170
f 161//161 169//169 172//172 101//101 99//99 109//109 115//115 162//162
f 162//162 164//164 158//158 151//151 154//154 161//161
f 116//116 122//122 87//87 120//120
f 146//146 143//143 152//152 157//157
f 112//112 107//107 98//98 105//105
f 173//173 110//110 104//104
f 110//110 178//178 176//176
f 173//173 178//178 110//110
f 110//110 176//176 163//163
f 163//163 176//176 165//165
f 171//171 173//173 104//104 102//102
f 114//114 110//110 163//163
f 91//91 118//118 124//124 94//94
f 149//149 155//155 153//153 142//142
f 144//144 145//145 139//139 150//150
f 136//136 137//137 89//89 133//133
f 133//133 89//89 96//96 131//131
f 96//96 129//129 127//127 131//131
f 121//121 95//95 123//123
f 117//117 119//119 90//90
f 108//108 111//111 113//113
f 100//100 103//103 106//106
f 85//85 86//86 83//83
f 81//81 85//85 84//84
f 92//92 81//81 84//84
f 97//97 88//88 92//92
f 93//93 97//97 92//92
f 82//82 93//93 83//83 86//86
f 83//83 84//84 85//85
f 93//93 82//82 97//97
f 88//88 81//81 92//92
usemtl diffuse_Red
v 92377.810911941167 12.2168769259206 -438325.96115514846
v 92377.810911941167 12.2168769259206 -438325.96115514846
v 92369.570885167821 10.8418769259043 -438330.71477468824
v 92369.570885167821 10.8418769259043 -438330.71477468824
v 92369.570885167821 10.8418769259043 -438330.71477468824
v 92376.913723791848 10.8418769259043 -438324.85111142159
v 92376.913723791848 10.8418769259043 -438324.85111142159
v 92376.913723791848 10.8418769259043 -438324.85111142159
v 92378.626537531774 13.4668769259043 -438326.97028581135
v 92378.626537531774 13.4668769259043 -438326.97028581135
v 92371.18621199156 13.4668769259043 -438332.73046411871
v 92371.18621199156 13.4668769259043 -438332.73046411871
v 92371.18621199156 13.4668769259043 -438332.73046411871
v 92380.014880347997 12.2168769259043 -438328.67820642469
v 92380.014880347997 12.2168769259043 -438328.67820642469
v 92380.014880347997 12.2168769259043 -438328.67820642469
v 92380.014880347997 10.8418769259043 -438328.67820642469
v 92380.014880347997 10.8418769259043 -438328.67820642469
v 92380.014880347997 10.8418769259043 -438328.67820642469
v 92379.287653158244 12.2168769266403 -438327.78358134086
v 92379.287653158244 12.2168769266403 -438327.78358134086
v 92379.287653158244 12.2168769266403 -438327.78358134086
v 92379.287653158244 12.2168769266403 -438327.78358134086
v 92378.626537531774 12.2168769259043 -438326.97028581135
v 92377.810911941167 12.2168769259206 -438325.96115514846
v 92376.913723791848 12.2168769259043 -438324.85111142159
v 92376.913723791848 12.2168769259043 -438324.85111142159
v 92376.913723791848 12.2168769259043 -438324.85111142159
v 92371.570000000036 -2.2444000000086701 -438335.01000000088
v 92371.570000000036 -2.2444000000086701 -438335.01000000088
v 92371.570000000036 -2.2444000000086701 -438335.01000000088
v 92370.360000000001 9.8668769259042897 -438333.4899999997
v 92370.360000000001 9.8668769259042897 -438333.4899999997
v 92370.360000000001 9.8668769259042897 -438333.4899999997
v 92371.570000000036 9.8668769259042897 -438335.01000000088
v 92371.570000000036 9.8668769259042897 -438335.01000000088
v 92371.570000000036 9.8668769259042897 -438335.01000000088
v 92370.360000000001 -2.2444000000086701 -438333.4899999997
v 92370.360000000001 -2.2444000000086701 -438333.4899999997
v 92370.360000000001 -2.2444000000086701 -438333.4899999997
v 92368.859999999986 9.8668769259042897 -438334.68000000034
v 92368.859999999986 9.8668769259042897 -438334.68000000034
v 92368.859999999986 9.8668769259042897 -438334.68000000034
v 92368.859999999986 -2.2444000000086701 -438334.68000000034
v 92368.859999999986 -2.2444000000086701 -438334.68000000034
v 92368.859999999986 -2.2444000000086701 -438334.68000000034
v 92367.160000000018 9.8668769259042897 -438332.6400000042
v 92367.160000000018 9.8668769259042897 -438332.6400000042
v 92367.160000000018 9.8668769259042897 -438332.6400000042
v 92367.160000000018 -2.2444000000086701 -438332.6400000042
v 92367.160000000018 -2.2444000000086701 -438332.6400000042
v 92367.160000000018 -2.2444000000086701 -438332.6400000042
v 92369.570885167821 9.8668769259042897 -438330.71477468824
v 92369.570885167821 9.8668769259042897 -438330.71477468824
v 92369.570885167821 9.8668769259042897 -438330.71477468824
v 92379.619999999995 -2.2444000000086701 -438322.69000000268
v 92379.619999999995 -2.2444000000086701 -438322.69000000268
v 92379.619999999995 -2.2444000000086701 -438322.69000000268
v 92379.619999999995 12.2168769259043 -438322.69000000268
v 92379.619999999995 12.2168769259043 -438322.69000000268
v 92379.619999999995 12.2168769259043 -438322.69000000268
v 92382.879999999976 12.2168769259043 -438326.53000000183
v 92382.879999999976 12.2168769259043 -438326.53000000183
v 92382.879999999976 12.2168769259043 -438326.53000000183
v 92382.879999999976 -2.2444000000086701 -438326.53000000183
v 92382.879999999976 -2.2444000000086701 -438326.53000000183
v 92382.879999999976 -2.2444000000086701 -438326.53000000183
v 92372.471380083589 9.8668769259042897 -438334.33416418324
v 92372.471380083589 9.8668769259042897 -438334.33416418324
v 92372.471380083589 9.8668769259042897 -438334.33416418324
v 92372.471380083589 10.8418769259043 -438334.33416418324
v 92372.471380083589 10.8418769259043 -438334.33416418324
v 92372.471380083589 10.8418769259043 -438334.33416418324
v 92371.18621199156 9.8668769259042897 -438332.73046411871
v 92371.18621199156 9.8668769259042897 -438332.73046411871
v 92378.626537531774 12.2168769259043 -438326.97028581135
v 92378.626537531774 13.4668769259043 -438326.97028581135
v 92377.810911941167 12.2168769259206 -438325.96115514846
vn -0.43273073434829712 0.7139439582824707 0.55047988891601563
vn -0.77773070335388184 0 -0.62859755754470825
vn -0.78034442663192749 0 -0.62534993886947632
vn -0.62400645017623901 0 0.78141915798187256
vn -0.43669635057449341 0.71083831787109375 0.55136662721633911
vn -0.62400645017623901 1.2895488496478258E-11 0.78141915798187256
vn -0.77773070335388184 0 -0.62859755754470825
vn -0.43293505907058716 0.72016870975494385 0.54214781522750854
vn 0.46914494037628174 0.64240425825119019 -0.60598665475845337
vn -0.42476624250411987 0.72009867429733276 0.5486634373664856
vn 0.47337809205055237 0.62946337461471558 -0.61618912220001221
vn -0.78034442663192749 0 -0.62534993886947632
vn -0.43261098861694336 0.71080237627029419 0.55462396144866943
vn 3.832508754797459E-10 1 -5.1115184307448658E-10
vn 0.59988683462142944 0 -0.80008488893508911
vn -0.77596783638000488 0 -0.63077247142791748
vn 0.59988683462142944 -1.0001896880162953E-11 -0.80008488893508911
vn 0.45982503890991211 0.64222085475921631 -0.6132807731628418
vn -0.77596783638000488 0 -0.63077247142791748
vn 1.4842337081599766E-10 1 1.6178564044011523E-10
vn -0.77596783638000488 0 -0.63077247142791748
vn 0.46887847781181335 0.63374125957489014 -0.61524385213851929
vn 0.77596783638000488 0 0.63077247142791748
vn -2.8801377949250195E-11 1 2.7824104131823901E-10
vn 0 1 0
vn -0.77773070335388184 0 -0.62859755754470825
vn -0.62400645017623901 0 0.78141915798187256
vn 0 1 0
vn 0 -1 0
vn -0.78237301111221313 0 -0.62281012535095215
vn 0.59988677501678467 -1.666982871184608E-11 -0.80008488893508911
vn 0.6215052604675293 0 -0.78341001272201538
vn 0 1 0
vn -0.78237301111221313 0 -0.62281012535095215
vn 0 1 0
vn 0.59988683462142944 0 -0.80008488893508911
vn -0.78237301111221313 0 -0.62281012535095215
vn 0 -1 0
vn 0.6215052604675293 0 -0.78341001272201538
vn -0.78237301111221313 0 -0.62281012535095215
vn -0.76822125911712646 0 -0.64018440246582031
vn 0 1 0
vn 0.6215052604675293 0 -0.78341001272201538
vn 0 -1 0
vn -0.76822125911712646 0 -0.64018440246582031
vn 0.6215052604675293 0 -0.78341001272201538
vn -0.76822125911712646 0 -0.64018440246582031
vn -0.62400645017623901 0 0.78141915798187256
vn 0 1 0
vn -0.62400645017623901 -3.5112492774436177E-11 0.78141915798187256
vn -0.76822125911712646 0 -0.64018440246582031
vn 0 -1 0
vn -0.78034442663192749 0 -0.62534993886947632
vn 0 1 0
vn -0.62400645017623901 -4.6607578907398306E-12 0.78141915798187256
vn 0 -1 0
vn 0.76233106851577759 0 0.64718729257583618
vn -0.62400645017623901 -6.2143441434403535E-12 0.78141915798187256
vn 0.76233106851577759 0 0.64718729257583618
vn 0 1 0
vn -0.62400645017623901 0 0.78141915798187256
vn 9.8948911564367137E-11 1 1.0785709131377885E-10
vn 0.76233106851577759 0 0.64718729257583618
vn 0.59988683462142944 0 -0.80008488893508911
vn 0.76233106851577759 0 0.64718729257583618
vn 0 -1 0
vn 0.59988683462142944 9.7740929932976783E-12 -0.80008488893508911
vn 0 1 0
vn -0.78034442663192749 0 -0.62534993886947632
vn 0.59988677501678467 -2.3185890707377865E-11 -0.80008488893508911
vn 0.46871691942214966 0.62937086820602417 -0.61983603239059448
vn 0.59988683462142944 0 -0.80008488893508911
vn -0.78034442663192749 0 -0.62534993886947632
vn 0 1 0
vn -0.78034442663192749 0 -0.62534993886947632
vn 0.77685004472732544 0 0.62968564033508301
vn 0.77685004472732544 0 0.62968564033508301
vn 0.77773070335388184 0 0.62859755754470825
f 232//232 252//252 246//246 213//213 211//211 220//220 227//227
f 192//192 198//198 202//202 203//203 206//206 238//238 240//240
f 234//234 230//230 222//222 216//216 207//207 244//244
f 253//253 231//231 181//181 190//190 251//251 247//247
f 248//248 250//250 195//195 193//193 242//242 245//245 209//209 214//214
f 236//236 239//239 205//205 184//184 182//182 233//233 226//226 228//228
f 189//189 187//187 200//200 249//249
f 196//196 249//249 200//200
f 235//235 243//243 241//241 237//237
f 225//225 219//219 223//223 229//229
f 221//221 210//210 217//217 224//224
f 212//212 215//215 208//208 218//218
f 180//180 185//185 204//204
f 201//201 255//255 254//254
f 194//194 197//197 199//199
f 183//183 186//186 179//179 191//191
f 188//188 191//191 179//179
f 254//254 255//255 256//256
usemtl diffuse_Red
v 92305.595662241525 12.0398437499999 -438253.25015759852
v 92314.564678746086 1.8773437499999099 -438263.46281526762
v 92305.595662241525 1.8773437499999099 -438253.25015759852
v 92315.478160132101 14.421093749999899 -438262.68689673871
v 92315.478160132101 14.421093749999899 -438262.68689673871
v 92315.478160132101 14.421093749999899 -438262.68689673871
v 92306.680100883794 17.82421875 -438252.32902658253
v 92306.680100883794 17.82421875 -438252.32902658253
v 92306.680100883794 17.82421875 -438252.32902658253
v 92315.478160132101 17.82421875 -438262.68689673871
v 92315.478160132101 17.82421875 -438262.68689673871
v 92315.478160132101 17.82421875 -438262.68689673871
v 92306.680100883794 14.421093749999899 -438252.32902658253
v 92306.680100883794 14.421093749999899 -438252.32902658253
v 92306.680100883794 14.421093749999899 -438252.32902658253
v 92314.910000000033 14.421093750000001 -438267.96000000281
v 92314.910000000033 14.421093750000001 -438267.96000000281
v 92314.910000000033 14.421093750000001 -438267.96000000281
v 92314.910000000033 17.82421875 -438267.96000000281
v 92314.910000000033 17.82421875 -438267.96000000281
v 92314.139999999999 17.82421875 -438268.53000000113
v 92314.139999999999 17.82421875 -438268.53000000113
v 92314.910000000033 -1.1689999999946601 -438267.96000000281
v 92314.910000000033 -1.1689999999946601 -438267.96000000281
v 92314.910000000033 -1.1689999999946601 -438267.96000000281
v 92314.139999999999 -1.1689999999946601 -438268.53000000113
v 92314.139999999999 -1.1689999999946601 -438268.53000000113
v 92312.877647982416 1.8773437499999099 -438265.51491285098
v 92312.877647982416 1.8773437499999099 -438265.51491285098
v 92314.123463118915 14.421093750000001 -438267.01373123965
v 92314.123463118915 14.421093750000001 -438267.01373123965
v 92314.123463118915 14.421093750000001 -438267.01373123965
v 92312.877647982416 -1.1689999999946601 -438265.51491285098
v 92312.877647982416 -1.1689999999946601 -438265.51491285098
v 92312.877647982416 -1.1689999999946601 -438265.51491285098
v 92312.877647982416 18.911718749999999 -438265.51491285098
v 92312.877647982416 18.911718749999999 -438265.51491285098
v 92312.877647982416 18.911718749999999 -438265.51491285098
v 92314.123463118915 18.911718749999999 -438267.01373123965
v 92314.123463118915 18.911718749999999 -438267.01373123965
v 92314.123463118915 18.911718749999999 -438267.01373123965
v 92300.572668231267 17.82421875 -438247.32039770059
v 92300.572668231267 17.82421875 -438247.32039770059
v 92300.572668231267 17.82421875 -438247.32039770059
v 92297.77311951411 17.82421875 -438249.69835717615
v 92297.77311951411 17.82421875 -438249.69835717615
v 92297.77311951411 17.82421875 -438249.69835717615
v 92297.77311951411 12.0398437499999 -438249.69835717615
v 92297.77311951411 12.0398437499999 -438249.69835717615
v 92300.572668231267 9.0960937499999108 -438247.32039770059
v 92300.572668231267 9.0960937499999108 -438247.32039770059
v 92297.77311951411 9.0960937499999108 -438249.69835717615
v 92297.77311951411 9.0960937499999108 -438249.69835717615
v 92314.888225857954 17.82421875 -438263.84372415626
v 92314.888225857954 17.82421875 -438263.84372415626
v 92314.888225857954 17.82421875 -438263.84372415626
v 92314.888225857954 17.82421875 -438263.84372415626
v 92314.888225857954 18.911718749999999 -438263.84372415626
v 92314.888225857954 18.911718749999999 -438263.84372415626
v 92314.888225857954 18.911718749999999 -438263.84372415626
v 92314.888225857954 1.8773437499999099 -438263.84372415626
v 92314.888225857954 1.8773437499999099 -438263.84372415626
v 92305.595662241525 14.421093749999899 -438253.25015759852
v 92305.595662241525 14.421093749999899 -438253.25015759852
v 92305.595662241525 14.421093749999899 -438253.25015759852
v 92314.564678746086 14.421093749999899 -438263.46281526762
v 92314.564678746086 14.421093749999899 -438263.46281526762
v 92314.564678746086 14.421093749999899 -438263.46281526762
v 92304.528464247051 12.0398437499999 -438251.99375570769
v 92304.528464247051 12.0398437499999 -438251.99375570769
v 92305.595662241525 17.82421875 -438253.25015759852
v 92305.595662241525 17.82421875 -438253.25015759852
v 92305.595662241525 17.82421875 -438253.25015759852
v 92304.528464247051 17.82421875 -438251.99375570769
v 92304.528464247051 17.82421875 -438251.99375570769
v 92304.528464247051 17.82421875 -438251.99375570769
v 92314.564678746086 17.82421875 -438263.46281526762
v 92314.564678746086 17.82421875 -438263.46281526762
v 92314.564678746086 17.82421875 -438263.46281526762
v 92300.058999999979 17.82421875 -438246.08800000243
v 92300.058999999979 17.82421875 -438246.08800000243
v 92299.749303684075 17.82421875 -438246.35105857771
v 92299.749303684075 17.82421875 -438246.35105857771
v 92299.749303684075 17.82421875 -438246.35105857771
v 92299.749303684075 9.0960937499999108 -438246.35105857771
v 92299.749303684075 9.0960937499999108 -438246.35105857771
v 92300.058999999979 -1.1689999999946601 -438246.08800000243
v 92300.058999999979 -1.1689999999946601 -438246.08800000243
v 92299.749303684075 -1.1689999999946601 -438246.35105857771
v 92299.749303684075 -1.1689999999946601 -438246.35105857771
v 92299.749303684075 -1.1689999999946601 -438246.35105857771
v 92308.510000000009 17.82421875 -438238.91000000108
v 92308.510000000009 17.82421875 -438238.91000000108
v 92308.510000000009 17.82421875 -438238.91000000108
v 92308.510000000009 -1.1689999999946601 -438238.91000000108
v 92308.510000000009 -1.1689999999946601 -438238.91000000108
v 92308.510000000009 -1.1689999999946601 -438238.91000000108
v 92314.22000000003 -1.1689999999946601 -438245.6400000017
v 92314.22000000003 -1.1689999999946601 -438245.6400000017
v 92314.22000000003 17.82421875 -438245.6400000017
v 92314.22000000003 17.82421875 -438245.6400000017
v 92319.919999999984 17.82421875 -438252.35999999911
v 92319.919999999984 17.82421875 -438252.35999999911
v 92319.919999999984 -1.1689999999946601 -438252.35999999911
v 92319.919999999984 -1.1689999999946601 -438252.35999999911
v 92325.660000000062 -1.1689999999946601 -438259.13000000315
v 92325.660000000062 -1.1689999999946601 -438259.13000000315
v 92325.660000000062 17.82421875 -438259.13000000315
v 92325.660000000062 17.82421875 -438259.13000000315
v 92331.380000000005 17.82421875 -438265.87000000093
v 92331.380000000005 17.82421875 -438265.87000000093
v 92331.380000000005 17.82421875 -438265.87000000093
v 92331.380000000005 -1.1689999999946601 -438265.87000000093
v 92331.380000000005 -1.1689999999946601 -438265.87000000093
v 92331.380000000005 -1.1689999999946601 -438265.87000000093
v 92322.939999999944 17.82421875 -438273.0499999983
v 92322.939999999944 17.82421875 -438273.0499999983
v 92322.939999999944 -1.1689999999946601 -438273.0499999983
v 92322.939999999944 -1.1689999999946601 -438273.0499999983
v 92320.000000000073 17.82421875 -438275.54999999981
v 92320.000000000073 17.82421875 -438275.54999999981
v 92320.000000000073 -1.1689999999946601 -438275.54999999981
v 92320.000000000073 -1.1689999999946601 -438275.54999999981
v 92316.550000000003 -1.1689999999946601 -438278.50000000128
v 92316.550000000003 -1.1689999999946601 -438278.50000000128
v 92316.550000000003 -1.1689999999946601 -438278.50000000128
v 92316.550000000003 17.82421875 -438278.50000000128
v 92316.550000000003 17.82421875 -438278.50000000128
v 92316.550000000003 17.82421875 -438278.50000000128
v 92310.72000000003 17.82421875 -438271.40000000224
v 92310.72000000003 17.82421875 -438271.40000000224
v 92310.72000000003 17.82421875 -438271.40000000224
v 92310.72000000003 -1.1689999999946601 -438271.40000000224
v 92310.72000000003 -1.1689999999946601 -438271.40000000224
v 92310.72000000003 -1.1689999999946601 -438271.40000000224
v 92301.736927364793 12.0398437499999 -438254.36490986461
v 92301.736927364793 12.0398437499999 -438254.36490986461
v 92301.736927364793 17.82421875 -438254.36490986461
v 92301.736927364793 17.82421875 -438254.36490986461
v 92301.736927364793 17.82421875 -438254.36490986461
v 92315.09951621668 17.82421875 -438266.20243767073
v 92315.09951621668 17.82421875 -438266.20243767073
v 92315.09951621668 17.82421875 -438266.20243767073
v 92315.09951621668 14.421093750000001 -438266.20243767073
v 92315.09951621668 14.421093750000001 -438266.20243767073
v 92315.09951621668 14.421093750000001 -438266.20243767073
v 92315.099516216578 18.911718749999999 -438266.20243767073
v 92315.099516216578 18.911718749999999 -438266.20243767073
v 92316.134040994453 18.911718749999999 -438265.34254254674
v 92316.134040994453 18.911718749999999 -438265.34254254674
v 92316.134040994453 18.911718749999999 -438265.34254254674
v 92316.134040994453 17.82421875 -438265.34254254674
v 92316.134040994453 17.82421875 -438265.34254254674
v 92316.134040994453 17.82421875 -438265.34254254674
v 92315.886053097813 17.82421875 -438267.14870643162
v 92315.886053097813 17.82421875 -438267.14870643162
v 92315.886053097813 17.82421875 -438267.14870643162
v 92315.886053097813 14.421093750000001 -438267.14870643162
v 92315.886053097813 14.421093750000001 -438267.14870643162
v 92315.886053097813 14.421093750000001 -438267.14870643162
v 92305.595662241525 -1.1689999999946601 -438253.25015759852
v 92305.595662241525 -1.1689999999946601 -438253.25015759852
v 92314.564678746086 -1.1689999999946601 -438263.46281526762
v 92314.564678746086 -1.1689999999946601 -438263.46281526762
v 92304.528464247051 -1.1689999999946601 -438251.99375570769
v 92304.528464247051 -1.1689999999946601 -438251.99375570769
v 92304.528464247051 -1.1689999999946601 -438251.99375570769
v 92300.572668231267 -1.1689999999946601 -438247.32039770059
v 92300.572668231267 -1.1689999999946601 -438247.32039770059
v 92300.572668231267 -1.1689999999946601 -438247.32039770059
v 92301.736927364793 -1.1689999999946601 -438254.36490986461
v 92301.736927364793 -1.1689999999946601 -438254.36490986461
v 92301.736927364793 -1.1689999999946601 -438254.36490986461
v 92297.77311951411 -1.1689999999946601 -438249.69835717615
v 92297.77311951411 -1.1689999999946601 -438249.69835717615
v 92297.77311951411 -1.1689999999946601 -438249.69835717615
v 92314.888225857954 -1.1689999999946601 -438263.84372415626
v 92314.888225857954 -1.1689999999946601 -438263.84372415626
v 92314.888225857954 -1.1689999999946601 -438263.84372415626
vn -0.7557140588760376 0 -0.65490174293518066
vn -0.7557140588760376 0 -0.65490174293518066
vn -0.75679385662078857 0 -0.65365362167358398
vn -0.64738649129867554 0 0.76216185092926025
vn 0 1 0
vn -0.76216185092926025 0 -0.64738649129867554
vn 0.64738649129867554 0 -0.76216185092926025
vn 0 1 0
vn -0.76216185092926025 0 -0.64738649129867554
vn 0 1 0
vn -0.64738649129867554 0 0.76216185092926025
vn -0.76216185092926025 0 -0.64738649129867554
vn 0 1 0
vn 0.64738649129867554 0 -0.76216185092926025
vn -0.76216185092926025 0 -0.64738649129867554
vn -0.7690281867980957 2.4460830583272752E-10 -0.63921487331390381
vn 0 1 0
vn -0.61290532350540161 0 0.79015636444091797
vn 0 1 0
vn -0.61734044551849365 0 0.78669607639312744
vn 0 1 0
vn -0.61918854713439941 0 0.78524231910705566
vn 0 -1 0
